AVERAGE_CLUSTERING=0.011439876789876787
AVERAGE_DEGREE=6
AVERAGE_DISTANCE=4.1254254254254255
