AVERAGE_CLUSTERING=0.0069826958886400935
AVERAGE_DEGREE=7.996
AVERAGE_DISTANCE=3.8364547755969496
