AVERAGE_CLUSTERING=0.006366240778380991
AVERAGE_DEGREE=7.996444444444444
AVERAGE_DISTANCE=3.896838611697596
