AVERAGE_CLUSTERING=0.9004401501517536
AVERAGE_DEGREE=899.548
AVERAGE_DISTANCE=1.0995515515515515
