AVERAGE_CLUSTERING=0.30052701887920874
AVERAGE_DEGREE=300.304
AVERAGE_DISTANCE=1.6993953953953953
