AVERAGE_CLUSTERING=0.3998680438886712
AVERAGE_DEGREE=399.464
AVERAGE_DISTANCE=1.6001361361361361
