AVERAGE_CLUSTERING=0.013452151510318078
AVERAGE_DEGREE=7.992
AVERAGE_DISTANCE=3.611173293323331
