AVERAGE_CLUSTERING=0.0731241702741702
AVERAGE_DEGREE=6
AVERAGE_DISTANCE=4.257243243243243
