AVERAGE_CLUSTERING=0.005108513708513709
AVERAGE_DEGREE=6
AVERAGE_DISTANCE=4.110254254254254
