AVERAGE_CLUSTERING=0.009115748679105268
AVERAGE_DEGREE=7.994666666666666
AVERAGE_DISTANCE=3.735418291937545
