AVERAGE_CLUSTERING=0.014568961513778504
AVERAGE_DEGREE=7.989333333333334
AVERAGE_DISTANCE=3.547078359453151
