AVERAGE_CLUSTERING=0.03837474428630482
AVERAGE_DEGREE=7.968
AVERAGE_DISTANCE=3.171257257257257
