AVERAGE_CLUSTERING=0.018057070707070702
AVERAGE_DEGREE=6
AVERAGE_DISTANCE=4.139007007007007
