AVERAGE_CLUSTERING=0.006214001348392672
AVERAGE_DEGREE=7.9968
AVERAGE_DISTANCE=3.89000700070007
