AVERAGE_CLUSTERING=0.021337184606406354
AVERAGE_DEGREE=7.984
AVERAGE_DISTANCE=3.406182091045523
