AVERAGE_CLUSTERING=0.007107057855708211
AVERAGE_DEGREE=7.9954285714285716
AVERAGE_DISTANCE=3.8224450839915907
