AVERAGE_CLUSTERING=0.2087736652236653
AVERAGE_DEGREE=6
AVERAGE_DISTANCE=4.648570570570571
