AVERAGE_CLUSTERING=0.2001201477626434
AVERAGE_DEGREE=199.788
AVERAGE_DISTANCE=1.800012012012012
