AVERAGE_CLUSTERING=0.13740930735930726
AVERAGE_DEGREE=6
AVERAGE_DISTANCE=4.412818818818819
