AVERAGE_CLUSTERING=0.7001873430271539
AVERAGE_DEGREE=699.462
AVERAGE_DISTANCE=1.299837837837838
