AVERAGE_CLUSTERING=0.010248692159733966
AVERAGE_DEGREE=7.9936
AVERAGE_DISTANCE=3.694517543508702
