AVERAGE_CLUSTERING=0.4317007936507932
AVERAGE_DEGREE=6
AVERAGE_DISTANCE=6.052464464464465
