AVERAGE_CLUSTERING=0.6055467186200865
AVERAGE_DEGREE=43.69101262688784
AVERAGE_DISTANCE=3.6925068496963913
