AVERAGE_CLUSTERING=0.30935555555555566
AVERAGE_DEGREE=6
AVERAGE_DISTANCE=5.085099099099099
