AVERAGE_CLUSTERING=0.5989544766302242
AVERAGE_DEGREE=598.366
AVERAGE_DISTANCE=1.4010350350350351
