AVERAGE_CLUSTERING=0.42696359388481464
AVERAGE_DEGREE=11.054559328500572
AVERAGE_DISTANCE=6.048514960757815
