AVERAGE_CLUSTERING=0.042686796536796516
AVERAGE_DEGREE=6
AVERAGE_DISTANCE=4.1745305305305305
