AVERAGE_CLUSTERING=0.4991174387155794
AVERAGE_DEGREE=498.526
AVERAGE_DISTANCE=1.500974974974975
