AVERAGE_CLUSTERING=0.8002617294056862
AVERAGE_DEGREE=799.434
AVERAGE_DISTANCE=1.1997657657657657
