AVERAGE_CLUSTERING=0.10020751226464145
AVERAGE_DEGREE=100.064
AVERAGE_DISTANCE=1.89985985985986
